# uncovered NORAD ids, one per line
# the 220 ids of interface/uncovered/uncovered__encounters_N4_refine__A10__t0.12__e1e+09__r100000.txt
# plus the objects whose dose under the survey firing rule exceeds 0.25 Gy, listed in
# data_scratch/survey_dose_summary__W1__encounters_N4_refine__A10__t0.12__e1e+09__r100000__N4__d1825__q32__surface__cap0.25.npz (over_cap_norad, 21 ids, of which 2 are already among the 220)
# summary artifact sha256: 0be3bcde2a82d16b85c748d73c8a9adb526aee98c7d809c594aa3878a50f3383
# survey_dose artifact sha256: 0f99c55142f77aca8f9850158735bcf2b4f97b3f1add63ef43ffd7d51ca31b6e
# PH 2026-09-24; supersedes the plus6dose list
# uncovered: 239
44752
45535
45540
46047
46055
47722
47733
47787
47814
47832
48289
48301
48312
48325
48412
48464
48487
48576
48586
48589
49134
49137
49418
49455
49724
50821
50831
51112
51131
52355
52612
52620
53070
53071
53073
53082
53088
53171
53200
53244
53246
53274
53285
53292
53472
53634
53679
53691
53731
53918
53968
53977
53982
53992
54012
54162
54206
56143
56463
56475
56480
56483
56767
56833
57113
57290
57461
57463
57677
58081
58155
58164
58540
58712
58719
58733
58785
58985
59009
59013
59014
59375
59380
59410
59465
59517
59637
59714
59962
60070
60263
60275
60312
60329
60345
60407
60425
60430
60437
60446
60721
60722
60904
60931
60935
61060
61257
61667
61671
61696
61716
61726
61845
62309
62314
62315
62963
63084
63095
63381
63451
63591
63704
63706
63707
63722
63723
63882
63937
64153
64160
64163
64194
64277
64282
64293
64297
64302
64305
64449
64456
64484
64665
64668
64690
64726
64758
64768
64772
64777
64781
64854
64856
64916
64937
64942
65174
65182
65185
65195
65197
65336
65340
65344
65348
65421
65425
65458
65459
65492
65497
65596
65614
65615
65658
65672
65806
65813
65824
65828
65836
65843
65845
66027
66029
66080
66082
66085
66089
66095
66155
66165
66192
66198
66206
66208
66214
66275
66355
66358
66359
66365
66390
66398
66405
67203
67204
67463
67892
67893
67922
68041
68043
68047
68050
68051
68053
68064
68065
68068
53871
57976
58047
58117
59006
59212
61528
61701
61709
61883
62016
62024
62996
63020
65208
65370
65913
66087
66342
