# seed=0 F=0.1 n=785 population_n=7852 population_sha256=fed0db540598038bdeea26f5ed76e649d85f052515eba417927ef2d52b468fdc catalogue_sha12=5d5748ef7886
45047
45535
45689
46055
46059
46074
47352
47353
47361
47399
47753
47793
47802
47810
47815
47841
47978
48009
48134
48136
48148
48295
48303
48360
48395
48400
48410
48452
48462
48472
48483
48487
48568
48577
48597
48649
48653
48657
48670
48880
49420
49425
49442
49452
49741
49744
49752
49757
49763
50186
50197
50198
50203
50812
50828
50840
50842
50845
50848
50851
51112
51132
51137
51139
51727
51734
51743
51748
51751
51753
51754
51759
51769
51809
51865
51964
51974
51998
52120
52269
52272
52276
52283
52297
52306
52344
52348
52361
52377
52452
52461
52472
52475
52476
52494
52498
52502
52548
52552
52603
52605
52625
52637
52643
52657
52659
52662
52670
52681
52684
52687
52695
53023
53050
53070
53088
53143
53145
53147
53153
53172
53183
53231
53249
53263
53272
53273
53274
53276
53389
53417
53424
53465
53494
53540
53551
53561
53574
53589
53592
53622
53627
53633
53684
53711
53720
53734
53802
53820
53831
53857
53908
53909
53913
53924
53929
53984
53992
53999
54010
54051
54058
54071
54098
54104
54163
54763
54770
54780
54788
54840
55291
55296
55303
55318
55319
55392
55416
55422
55630
55635
55637
55647
55677
55748
55750
55751
55766
55774
55779
55790
55922
56288
56305
56354
56359
56426
56448
56466
56474
56475
56521
56707
56783
56784
56790
56838
57104
57112
57121
57123
57222
57310
57433
57457
57476
57515
57524
57525
57618
57621
57645
57671
57673
57712
57715
57746
57750
57780
57829
57844
57860
57913
57918
57945
57965
58000
58041
58051
58058
58079
58089
58091
58099
58179
58211
58356
58366
58383
58391
58395
58404
58405
58415
58416
58417
58440
58459
58511
58515
58520
58539
58552
58590
58603
58611
58630
58669
58736
58745
58776
58797
58798
58861
58864
58873
58880
58933
58946
58949
58969
58973
58981
59000
59013
59025
59075
59076
59085
59086
59156
59168
59180
59208
59232
59243
59253
59266
59270
59301
59303
59316
59323
59326
59348
59357
59358
59364
59370
59415
59416
59458
59473
59477
59484
59495
59499
59549
59610
59612
59639
59670
59673
59676
59702
59739
59749
59763
59798
59863
59875
59876
59880
59887
59888
59923
59924
59926
59933
59948
59952
59964
60020
60022
60034
60061
60099
60100
60104
60107
60113
60114
60118
60126
60142
60150
60189
60195
60269
60275
60279
60289
60292
60297
60298
60314
60341
60362
60372
60399
60401
60404
60414
60431
60438
60583
60591
60903
60911
61008
61054
61055
61061
61209
61211
61244
61259
61260
61509
61511
61523
61533
61549
61593
61624
61625
61667
61720
61723
61846
61886
61889
61915
61920
61928
61929
61945
61964
61967
61975
61976
61977
61979
61982
62018
62048
62120
62122
62125
62136
62141
62142
62146
62151
62153
62167
62168
62170
62192
62197
62201
62209
62233
62234
62269
62274
62302
62303
62314
62319
62409
62445
62491
62502
62505
62526
62555
62589
62599
62600
62606
62743
62748
62749
62761
62764
62777
62819
62823
62829
62832
62857
62864
62897
62914
62919
62921
62957
62959
62984
62989
63016
63019
63032
63041
63047
63060
63074
63079
63091
63097
63108
63118
63121
63142
63147
63152
63184
63271
63312
63321
63364
63376
63378
63380
63407
63409
63418
63420
63426
63460
63465
63499
63501
63512
63550
63565
63570
63578
63640
63642
63660
63670
63681
63698
63711
63712
63773
63780
63791
63793
63794
63806
63808
63812
63828
63829
63849
63874
63884
63888
63904
63908
63912
63931
63951
63952
63953
63967
63968
63973
63998
64003
64014
64019
64075
64106
64117
64120
64128
64147
64163
64177
64181
64193
64196
64205
64216
64223
64237
64247
64252
64270
64281
64295
64317
64333
64347
64352
64362
64391
64428
64435
64442
64446
64449
64464
64473
64482
64493
64495
64607
64610
64614
64670
64671
64678
64680
64698
64699
64705
64708
64711
64716
64717
64734
64748
64762
64766
64767
64770
64771
64793
64809
64811
64904
64907
64932
65025
65030
65037
65078
65089
65179
65184
65189
65207
65210
65273
65281
65292
65338
65350
65351
65354
65359
65365
65375
65392
65395
65412
65431
65436
65437
65440
65455
65463
65465
65473
65497
65504
65505
65509
65516
65525
65531
65539
65596
65629
65648
65661
65683
65685
65687
65738
65743
65751
65761
65791
65807
65813
65825
65858
65868
65870
65878
65883
65888
65891
65894
65915
65933
66011
66020
66024
66031
66073
66074
66077
66083
66087
66110
66125
66133
66146
66151
66153
66170
66171
66184
66195
66222
66223
66228
66242
66243
66244
66254
66258
66276
66340
66354
66360
66387
66399
66423
66435
66445
66448
66465
66466
66478
66487
66540
66544
66560
66569
66574
66575
66584
66596
66607
66613
66625
66631
66635
66806
66827
66829
66839
66841
66850
66868
66892
66894
66900
66902
66930
66940
66944
66946
66959
66961
66973
66974
66979
67008
67021
67049
67080
67090
67098
67111
67129
67130
67195
67207
67211
67215
67216
67305
67315
67329
67342
67343
67344
67346
67358
67359
67415
67425
67426
67430
67432
67448
67457
67496
67501
67509
67807
67809
67820
67880
67881
67894
